-4.102643365036795942e+00
-4.102643365036795942e+00
-4.102643365036795942e+00
-4.102643365036795942e+00
-4.102643365036795942e+00
-4.102643365036795942e+00
-3.697178256928631335e+00
-4.102643365036795942e+00
-4.102643365036795942e+00
-4.102643365036795942e+00
-4.102643365036795942e+00
-4.102643365036795942e+00
-4.102643365036795942e+00
-4.102643365036795942e+00
-4.102643365036795942e+00
-4.102643365036795942e+00
-4.102643365036795942e+00
-4.102643365036795942e+00
-4.102643365036795942e+00
-3.697178256928631335e+00
-4.102643365036795942e+00
-4.102643365036795942e+00
-4.102643365036795942e+00
-4.102643365036795942e+00
-4.102643365036795942e+00
-4.102643365036795942e+00
-4.102643365036795942e+00
-4.102643365036795942e+00
-4.102643365036795942e+00
-4.102643365036795942e+00
-4.102643365036795942e+00
-4.102643365036795942e+00
-4.102643365036795942e+00
-4.102643365036795942e+00
-4.102643365036795942e+00
-4.102643365036795942e+00
-4.102643365036795942e+00
-3.409496184476850544e+00
-4.102643365036795942e+00
-4.102643365036795942e+00
-4.102643365036795942e+00
-4.102643365036795942e+00
-4.102643365036795942e+00
-4.102643365036795942e+00
-4.102643365036795942e+00
-3.697178256928631335e+00
-4.102643365036795942e+00
-4.102643365036795942e+00
-4.102643365036795942e+00
-3.697178256928631335e+00
-3.697178256928631335e+00
-4.102643365036795942e+00
-4.102643365036795942e+00
-4.102643365036795942e+00
-4.102643365036795942e+00
-4.102643365036795942e+00
-4.102643365036795942e+00
