-4.590056548178043094e+00
-3.896909367618097697e+00
-4.590056548178043094e+00
-4.590056548178043094e+00
-4.590056548178043094e+00
-4.590056548178043094e+00
-4.590056548178043094e+00
-4.184591440069878487e+00
-4.184591440069878487e+00
-4.590056548178043094e+00
-4.590056548178043094e+00
-4.590056548178043094e+00
-4.590056548178043094e+00
-4.590056548178043094e+00
-4.590056548178043094e+00
-4.590056548178043094e+00
-4.590056548178043094e+00
-4.590056548178043094e+00
-4.590056548178043094e+00
-4.590056548178043094e+00
-4.590056548178043094e+00
-4.590056548178043094e+00
-3.896909367618097697e+00
-4.590056548178043094e+00
-4.590056548178043094e+00
-4.590056548178043094e+00
-4.590056548178043094e+00
-3.673765816303887988e+00
-4.590056548178043094e+00
-4.590056548178043094e+00
-4.590056548178043094e+00
-4.590056548178043094e+00
-4.590056548178043094e+00
-4.590056548178043094e+00
-4.590056548178043094e+00
-3.491444259509933534e+00
-3.896909367618097697e+00
-4.590056548178043094e+00
-4.590056548178043094e+00
-4.590056548178043094e+00
-4.184591440069878487e+00
-3.673765816303887988e+00
-4.590056548178043094e+00
-4.590056548178043094e+00
-4.590056548178043094e+00
-4.590056548178043094e+00
-4.590056548178043094e+00
-4.590056548178043094e+00
-4.590056548178043094e+00
-4.590056548178043094e+00
-4.590056548178043094e+00
-4.590056548178043094e+00
-4.590056548178043094e+00
-4.590056548178043094e+00
-4.590056548178043094e+00
-2.885308455939617822e+00
-4.590056548178043094e+00
-4.590056548178043094e+00
-4.590056548178043094e+00
-4.590056548178043094e+00
-4.590056548178043094e+00
-4.590056548178043094e+00
-4.590056548178043094e+00
-4.590056548178043094e+00
-4.590056548178043094e+00
-4.590056548178043094e+00
-4.590056548178043094e+00
-4.184591440069878487e+00
-4.590056548178043094e+00
-4.590056548178043094e+00
-4.590056548178043094e+00
-4.590056548178043094e+00
-4.590056548178043094e+00
-4.590056548178043094e+00
-4.184591440069878487e+00
-3.673765816303887988e+00
-4.590056548178043094e+00
-4.590056548178043094e+00
-4.590056548178043094e+00
-4.590056548178043094e+00
-4.590056548178043094e+00
-4.590056548178043094e+00
